(420.9774 420.95868)   0.0
(420.9907 420.9727)   6.1035156e-5
(-302.5163 420.97125)   118.438354
(420.96704 420.96216)   0.0
(420.94342 420.96393)   6.1035156e-5
(420.94174 420.9621)   1.2207031e-4
(-302.51978 420.98282)   118.438354
(-302.5355 420.9679)   118.438354
(420.96283 420.96164)   0.0
(420.95804 420.97684)   0.0
(420.97058 420.987)   0.0
(420.98325 420.9626)   0.0
(420.9487 420.9752)   6.1035156e-5
(420.96603 420.94983)   0.0
(420.987 420.95898)   6.1035156e-5
(420.9708 420.95663)   0.0
(420.9917 420.97195)   6.1035156e-5
(420.96243 420.97714)   0.0
(420.98224 420.95615)   6.1035156e-5
(420.96313 420.955)   0.0
(420.95242 420.97064)   0.0
(420.95773 420.95898)   0.0
(420.98285 420.96384)   0.0
(420.96393 420.96616)   0.0
(420.9687 420.96838)   0.0
(420.97714 420.96176)   6.1035156e-5
(420.98434 420.96805)   0.0
(420.96106 420.95413)   0.0
(420.96814 420.9706)   0.0
(420.98392 420.99088)   1.2207031e-4

Media=(348.61993 420.96683)   11.843858
Mediana=(420.9687 420.96838)   0.0
Desviación estandar=(217.0479 0.009594856)   35.5315
