(-0.0028488599 0.0024547577)   0.011012752993757147d0
(0.0020994088 -7.772446e-5)   0.006059712707251919d0
(5.0826394e-4 3.8146973e-4)   0.0018074745072418352d0
(8.308955e-4 -4.67062e-4)   0.002719375403621882d0
(0.001157799 -0.0021876693)   0.007164240966925917d0
(0.0014769762 -6.1798096e-4)   0.004596732542001547d0
(6.8975217e-4 -5.977154e-4)   0.00260290864065027d0
(0.004077418 0.002236247)   0.013729284330686653d0
(-2.6776316e-4 -4.005432e-5)   7.667308105183679d-4
(1.7934275e-5 -1.3971329e-4)   3.9908562921553425d-4
(-0.0018777365 -4.1007996e-5)   0.005406519754227901d0
(-0.0035231546 -2.155304e-4)   0.010315295248144452d0
(4.782877e-4 0.0014090538)   0.004266930680920211d0
(4.947707e-4 -0.004930973)   0.014670054206668226d0
(-0.00295698 -4.3845177e-4)   0.008693006750153387d0
(-0.0022010303 0.0013942719)   0.007550121835826928d0
(0.001390628 -1.3542175e-4)   0.004004316929865581d0
(2.063268e-4 0.0010297298)   0.0030011557499136643d0
(0.0034586359 0.002556324)   0.01265735371802279d0
(1.5243876e-4 -2.89917e-4)   9.297672853136874d-4
(-0.0011315481 -0.0011196136)   0.0045692404488271166d0
(-0.001161567 -3.8719177e-4)   0.0035038820010626637d0
(-0.0012974098 4.1511655e-4)   0.003902543532593228d0
(0.0014488939 -0.001253128)   0.005517142531573427d0
(-0.0010437542 1.6212463e-5)   0.00298172735763913d0
(-0.0017559734 -4.7701597e-4)   0.005234770138887512d0
(-0.0034633134 0.001578331)   0.01114976424281977d0
(-5.589451e-4 1.3256073e-4)   0.0016338316097197492d0
(0.0017295167 -8.6545944e-4)   0.005570535380712727d0
(4.3863012e-4 -5.694032e-4)   0.002047011018966316d0

Media=(-1.1438193e-4 -4.1565298e-5)   0.005615442298457651d0
Mediana=(-0.0011315481 -0.0011196136)   0.0045692404488271166d0
Desviación estandar=(0.0018602205
                      0.0014145479)   0.0038995907368609074d0

