(1.0001446 1.0002912)   2.1320105e-8
(0.99961066 0.9992263)   1.5385746e-7
(1.0001229 1.0003645)   1.4248451e-6
(0.999861 0.9997283)   2.3312282e-8
(1.0001107 1.0002828)   3.8770963e-7
(0.9984956 0.9969882)   2.2660345e-6
(1.0000246 1.0000861)   1.3716937e-7
(0.9985314 0.9970839)   2.192709e-6
(1.0010592 1.0021)   1.1596076e-6
(1.000428 1.0008299)   2.5193145e-7
(0.9996651 0.9993287)   1.1242939e-7
(1.000361 1.0007178)   1.3213798e-7
(0.9970616 0.99420804)   9.214394e-6
(1.0006436 1.0013362)   6.507946e-7
(0.9998567 0.9996633)   2.7180857e-7
(1.0001997 1.0004445)   2.4399645e-7
(0.9992678 0.9985048)   6.343877e-7
(1.00012 1.000241)   1.45014525e-8
(1.0056344 1.0113468)   3.1960702e-5
(1.0000651 1.0002061)   5.808689e-7
(1.0001115 1.0002452)   6.211742e-8
(1.0018219 1.0036608)   3.3380245e-6
(0.9999491 0.9999002)   3.0017446e-9
(1.0003461 1.0006777)   1.4091212e-7
(0.998999 0.9980128)   1.0209594e-6
(0.99952114 0.99903804)   2.3130886e-7
(1.0000659 1.0001335)   4.62434e-9
(1.0005553 1.0011504)   4.6402795e-7
(1.0005757 1.0011884)   4.6619618e-7
(1.0004429 1.0008976)   2.0977531e-7

Media=(1.0001216 1.0002626)   1.925849e-6
Mediana=(1.000428 1.0008299)   2.5193145e-7
Desviación estandar=(0.0013251232 0.002656059)   5.8388514e-6
