(-5.002507 -5.0025415)   -10.002532936449596d0
(-5.0025325 -5.12)   -7.410958100315727d0
(-5.0025325 -5.12)   -7.410958100315727d0
(-5.002544 -5.0025134)   -10.002533936947906d0
(-5.0026064 -5.002518)   -10.002532456594755d0
(-5.002506 -5.002511)   -10.002533315685827d0
(-5.0024695 -5.002549)   -10.002532710888502d0
(-5.00258 -5.0025744)   -10.002533263445478d0
(-5.0025325 -5.12)   -7.410958100315727d0
(-5.0025516 -5.002523)   -10.002533949280382d0
(-5.0025434 -5.0025506)   -10.002533478704958d0
(-5.12 -5.0025296)   -7.410958097961152d0
(-5.002517 -5.002513)   -10.002533429350432d0
(-5.002557 -5.00256)   -10.002533305472102d0
(-5.0024886 -5.002565)   -10.00253344627442d0
(-5.0026107 -5.002523)   -10.002532829371505d0
(-5.002516 -5.0025268)   -10.002533492507403d0
(-5.0025306 -5.0024843)   -10.00253308829912d0
(-5.0025153 -5.0025516)   -10.002533907100625d0
(-5.0024996 -5.002579)   -10.002532918659416d0
(-5.002538 -5.002577)   -10.002533178070195d0
(-5.002523 -5.0025115)   -10.002533923855424d0
(-5.0025325 -5.12)   -7.410958100315727d0
(-5.002555 -5.0025845)   -10.002532469806646d0
(-5.12 -5.0025544)   -7.410958011023939d0
(-5.0025325 -5.12)   -7.410958100315727d0
(-5.0024657 -5.0025783)   -10.002532737998957d0
(-5.002563 -5.0025268)   -10.002533852699623d0
(-5.002494 -5.002478)   -10.002532658070287d0
(-5.0025444 -5.0025554)   -10.002533437281537d0

Media=(-5.010363 -5.022116)   -9.397832377779297d0
Mediana=(-5.0025306 -5.0024843)   -10.00253308829912d0
Desviación estandar=(0.029301727 0.04377503)   1.0961134129933032d0
